Nodal displacements
node#      x          y          u          v       theta
    1    0.000000    0.000000    0.000000    0.000000   -1.088142
    2    0.000000    3.000000    0.000000   -0.662095   -0.013332
    3    2.000000    1.500000    0.072397   -1.776548   -0.062080
    4    4.000000    0.000000    0.648506    0.000000    1.598629
    5    2.000000    0.000000    0.247107   -2.676601    0.005727

External forces
node#      x          y         Fx         Fy          M
    1    0.000000    0.000000    0.631494    1.507683    0.000000
    2    0.000000    3.000000   -0.619965   -0.179825    0.000000
    3    2.000000    1.500000    0.155338   -0.542253    0.000000
    4    4.000000    0.000000   -0.089720    0.514413    0.000000
    5    2.000000    0.000000   -0.077146   -1.300018    0.000000

Element forces and moments
ele#       N          V         M1         M2
    1   -0.662095   -0.073432    0.145974   -0.074320
    2   -1.008011    0.002066    0.038460    0.043625
    3    0.247107    0.239128   -0.184434    0.293821
    4    0.726589    0.057896   -0.074320    0.070421
    5   -0.605042    0.011811    0.051665    0.081192
    6    0.900053   -0.077146    0.062380   -0.053339
    7    0.401399   -0.160837    0.081192   -0.240482
