Nodal displacements
node#      x          y          u          v       theta
    1    0.000000    0.000000    0.000000    0.000000   -1.769090
    2    0.000000    3.000000    0.000000   -0.849332   -0.180751
    3    2.000000    1.500000   -0.150450   -2.949412    0.012596
    4    4.000000    0.000000    1.025921    0.000000    2.591193
    5    2.000000    0.000000    0.493904   -4.351693    0.131907

External forces
node#      x          y         Fx         Fy          M
    1    0.000000    0.000000    1.030762    2.024507    0.000000
    2    0.000000    3.000000   -0.917560   -0.155934   -0.000000
    3    2.000000    1.500000    0.037551   -0.921542    0.000000
    4    4.000000    0.000000   -0.131695    0.520396    0.000000
    5    2.000000    0.000000   -0.019057   -1.467427   -0.000000

Element forces and moments
ele#       N          V         M1         M2
    1   -0.849332   -0.012999    0.024793   -0.014204
    2   -1.890007    0.000566    0.006420    0.007834
    3    0.493904    0.040718   -0.031213    0.050223
    4    1.139688    0.011982   -0.014204    0.015751
    5   -0.828550    0.001454    0.008496    0.012132
    6    1.402280   -0.019057    0.015088   -0.013497
    7    0.532018   -0.024429    0.012132   -0.036725
